106	0.107172966003418
212	0.111816883087158
83	0.0880742073059082
83	0.0877151489257812
83	0.0878608226776123
151	0.112797975540161
151	0.111788034439087
151	0.113478899002075
77	0.0869460105895996
77	0.0885310173034668
101	0.0864250659942627
101	0.0863220691680908
0	0.0705511569976807
0	0.070930004119873
1	0.0785319805145264
11	0.0798830986022949
3005	0.362129211425781
3005	0.210599899291992
2553	0.190994024276733
12469	0.702719926834106
8343	1.38988399505615
8343	0.830034971237183
8343	0.566992998123169
8376	1.01388716697693
147137	16.8915030956268
208	0.109853982925415
33419	3.15052199363708
1706	0.158402919769287
24922	1.08734512329102
56909	10.0158669948578
367	0.137686967849731
42071	10.0211491584778
33946	7.12944579124451
39031	11.7778730392456
39031	7.48421096801758
0	0.0705921649932861
1	0.0783190727233887
1	0.0788209438323975
1	0.0792930126190186
1	0.0805301666259766
1	0.0790629386901855
39032	14.4255900382996
39032	10.3601930141449
39031	8.43085503578186
39031	19.2009339332581
39031	9.16263890266418
39031	6.27384400367737
107	0.332689046859741
10428	0.67188286781311
16797	6.97730803489685
12772	1.0759289264679
24496	30.3741610050201
59539	36.7534310817719
27415	12.3298590183258
3518	2.63430714607239
130734	46.1063377857208
8375	2.26560497283936
15936	2.2566249370575
15936	4.28053212165833
13092	3.45796298980713
27302	3.90710401535034
64193	74.8592739105225
105896	27.1173560619354
137003	41.359769821167
43	0.507293939590454
43	0.240932941436768
21	0.0844440460205078
22	0.083845853805542
2387	0.804409980773926
7016	1.21846699714661
12772	1.49111700057983
9	0.497735977172852
42199	31.8370819091797
50485	21.4408991336823
5	0.0858571529388428
5	0.0856571197509766
5	0.0878798961639404
4	0.382123231887817
6	1.38128995895386
6	0.0872728824615479
5	0.115859985351562
5	1.33741211891174
5	0.0848829746246338
5	0.0864930152893066
5	0.0873548984527588
5	1.22923612594604
5	0.136163949966431
5	0.08713698387146
5	0.977023124694824
5	0.0807969570159912
6	0.0821988582611084
7	0.239876985549927
7	0.086453914642334
7	0.0856468677520752
7	0.0869359970092773
7	0.0857729911804199
7	0.0863561630249023
7	0.0856199264526367
8	0.0876109600067139
9	0.086536169052124
29	0.712703943252563
26	0.0888569355010986
10991	4.60349893569946
29092	17.675509929657
48	0.0867609977722168
64	0.0886561870574951
64	0.0882799625396729
64	0.0890748500823975
64	0.0884130001068115
66	0.855304956436157
5	0.393676996231079
5	0.091702938079834
4	0.0919599533081055
18	0.109318017959595
18	0.259979009628296
18	0.109417200088501
21	0.111159086227417
26	0.11339282989502
26	0.2517991065979
23875	13.9977071285248
10463	2.46387410163879
2512	1.79692602157593
17208	10.7025079727173
17208	5.7324001789093
16875	7.15160608291626
8196	2.72712898254395
14102	5.32802104949951
2454	1.23003697395325
21642	14.3062510490417
15278	5.4516179561615
17	0.536767959594727
192	0.314249992370605
34740	3.08700799942017
19868	6.94472193717957
32	0.0873589515686035
19868	8.56246185302734
32	0.173813104629517
32	0.0869219303131104
32	0.0866730213165283
32	0.0862720012664795
23	0.0855729579925537
32	0.0871670246124268
59	0.42878794670105
59	0.0890049934387207
59	0.0888540744781494
59	0.119396924972534
105	0.0935831069946289
60	0.0882139205932617
54	0.0887501239776611
77	0.0915849208831787
77	0.0906281471252441
83	0.107481002807617
83	0.0913460254669189
83	0.0912008285522461
83	0.0909600257873535
83	1.32772302627563
61	0.111073017120361
11	0.0928339958190918
16	0.0940289497375488
29	0.101588010787964
36	0.102069854736328
97	0.254667043685913
56	0.103790998458862
12	0.0833790302276611
28	0.113020896911621
31	0.324400186538696
45	0.0900249481201172
108	0.110660076141357
108	0.108891010284424
108	0.295117139816284
31642	7.75063800811768
34	0.102491855621338
34	0.101181983947754
89	0.135547876358032
12772	3.325443983078
31603	12.3986170291901
11	0.0981390476226807
29758	37.70356798172
25163	33.0539829730988
513	0.438191175460815
513	0.130714893341064
513	0.131134033203125
513	0.45694899559021
513	0.0788171291351318
8	0.0347299575805664
8	0.0342631340026855
8	0.0418679714202881
8	0.0122830867767334
8	0.0348050594329834
7	0.51592493057251
10	0.0347609519958496
10	0.028519868850708
10	0.0284209251403809
9	0.0359401702880859
15	0.0365090370178223
15	0.0222620964050293
17	0.0386459827423096
17	1.21929407119751
17	0.06085205078125
32	0.0455951690673828
32	0.0451340675354004
33	0.0460498332977295
31	0.0377340316772461
31	0.0374259948730469
29	0.0373728275299072
30	0.214195966720581
196	0.060114860534668
24309	15.0739710330963
56433	20.9803199768066
6025	4.73043322563171
14675	12.6456210613251
12498	6.64109015464783
13319	7.51201701164246
13291	6.08310890197754
13609	6.27626585960388
13812	3.62095308303833
3223	0.686462163925171
4299	1.03467178344727
5076	1.08936405181885
120	0.0552690029144287
76	0.0434470176696777
77	0.0436780452728271
30	0.0164132118225098
15	0.0281851291656494
25	0.0292270183563232
33	0.0294849872589111
31	0.029667854309082
41	0.0302848815917969
45	0.0314478874206543
49	0.0311288833618164
49	0.0317368507385254
30	0.0302829742431641
39	0.0316691398620605
39	0.0315639972686768
38019	5.50813102722168
38019	8.38745307922363
38019	5.4613561630249
9	0.0336999893188477
11	0.0340428352355957
11	0.0303938388824463
21	0.0406360626220703
21	0.0402719974517822
13	0.0388891696929932
20	0.0391690731048584
14	0.0433039665222168
23	0.0454049110412598
23	0.0399339199066162
392	0.0686750411987305
11	0.0215039253234863
13	0.0147571563720703
13	0.028486967086792
13	0.0284390449523926
28	0.015955924987793
31	0.0168900489807129
18	0.0143961906433105
20	0.0147991180419922
11	0.0211398601531982
9	0.0135560035705566
14	0.0305979251861572
19	0.0385370254516602
29	0.039639949798584
10	0.0302338600158691
33	0.0417768955230713
34	0.41245698928833
35	0.0425868034362793
12772	2.03368902206421
12772	3.25982308387756
37248	16.9980840682983
37248	11.8714151382446
11300	2.68309211730957
2157	0.489948034286499
5665	1.65846991539001
22293	10.810024023056
24371	12.9655129909515
48515	31.1145620346069
48515	22.6694641113281
11138	5.374666929245
11138	5.87738704681396
12772	4.71213698387146
12772	1.96762108802795
12856	6.55875110626221
9474	1.81796288490295
21654	5.17961597442627
5498	0.476768016815186
39955	8.0874490737915
24337	4.750736951828
33	0.0136668682098389
33	0.737076044082642
33	0.0541319847106934
33	0.0262699127197266
40	0.0340280532836914
40	0.0339419841766357
7823	0.715382099151611
7823	0.803339004516602
104051	32.3573360443115
13336	3.14550709724426
1475	0.28403902053833
25	0.0130710601806641
25	0.0130691528320312
25	0.163544893264771
84	0.186117172241211
83	0.0234379768371582
98	0.0238540172576904
106	0.027799129486084
108	0.0282349586486816
118	0.0290281772613525
26	0.0206718444824219
27	0.0208759307861328
13849	3.54145407676697
13849	5.43468403816223
30475	9.17321586608887
983	0.255069971084595
34	0.0462949275970459
19065	2.29536414146423
25457	12.3094108104706
11395	2.42634415626526
11595	5.50761294364929
4080	0.37952995300293
4080	2.23813009262085
29401	5.00489187240601
8082	1.24342799186707
8709	1.05412602424622
23604	6.09806680679321
63907	13.9213387966156
689	0.0540730953216553
34	0.0221250057220459
34	0.0221500396728516
483	0.114707946777344
4	0.0816879272460938
3	0.017179012298584
4	0.0174529552459717
5	0.0170021057128906
24	2.00771307945251
19987	6.92832803726196
19987	5.19153594970703
24004	3.97129917144775
16	0.0198647975921631
16	0.0333919525146484
24	0.334820985794067
24	0.35142993927002
25	0.0344419479370117
18	0.0339200496673584
10	0.123646020889282
10	0.0329649448394775
11	0.0135769844055176
11	0.0134479999542236
11	0.0134940147399902
15	0.0140659809112549
22	0.01413893699646
37	0.0157268047332764
37	0.0157098770141602
30	0.0149869918823242
22	0.0145041942596436
32	0.61750316619873
18	0.0142779350280762
26	0.0145480632781982
30	0.0148041248321533
38	0.015639066696167
38	0.0157887935638428
35	0.0226120948791504
35	0.260706901550293
31	0.0223381519317627
27	0.0221002101898193
18	0.013714075088501
26	0.014517068862915
36	0.0387461185455322
129	0.0461170673370361
129	0.0460009574890137
25	0.035714864730835
73	0.0364899635314941
129	0.0463600158691406
23581	1.46076393127441
49820	19.852765083313
56530	16.0159540176392
6411	2.6581699848175
142	1.99493002891541
142	0.0398910045623779
26008	5.79862093925476
83	0.0565488338470459
87	0.0377330780029297
9	0.3501877784729
9	0.0431020259857178
10	0.0362298488616943
9	0.0368919372558594
67	0.0452568531036377
24112	4.04299712181091
24112	2.24958205223083
24112	1.48456406593323
24112	2.9967029094696
61	0.0473198890686035
122	0.0522668361663818
122	0.0516669750213623
0	0.0271871089935303
0	0.027230978012085
1	0.0303859710693359
1	0.0314431190490723
1	0.0302979946136475
1	0.0305380821228027
1	0.0402259826660156
1	0.0406601428985596
1	0.0397920608520508
1	0.0399398803710938
1	0.0399229526519775
35435	3.20850396156311
35435	3.55214500427246
17476	3.91301703453064
23273	2.69586491584778
8739	2.28243684768677
19671	6.52475714683533
18826	10.9549849033356
10136	2.96314883232117
1916	0.322690010070801
1805	0.327948093414307
1805	0.323027849197388
26806	7.63033199310303
25748	7.78268003463745
30	0.182276010513306
30	0.0561401844024658
24	0.270463943481445
17507	2.76767897605896
147	0.354449033737183
147	1.05403304100037
147	1.3456289768219
147	2.31682085990906
147	0.579952001571655
25215	26.8581140041351
25215	17.7975368499756
899	0.309043884277344
0	0.728380918502808
78	0.352993965148926
88	0.302191019058228
88	0.53593897819519
97	2.29945206642151
95	2.11833691596985
83	1.13239598274231
86	2.82049012184143
97	1.12090611457825
77	1.14918494224548
77	0.963765144348145
79	0.78503680229187
79	0.834656000137329
84	0.594858884811401
79	0.501712083816528
79	1.62635707855225
88	0.919335126876831
80	0.395402908325195
80	0.943099021911621
81	0.877766132354736
81	0.694813013076782
81	1.77253389358521
81	0.308960914611816
83	0.870918989181519
75	0.378800868988037
72	0.380914926528931
72	0.764005899429321
152	1.62146282196045
11	0.91772985458374
25	0.572474002838135
22	0.430410861968994
26	1.43056488037109
26	0.550357818603516
81	0.637126922607422
81	1.23032307624817
81	1.51104402542114
11	1.03864717483521
22	0.267729997634888
103	0.60334587097168
113	1.8175048828125
113	1.52118802070618
113	0.653004884719849
45	0.635551929473877
45	1.02807688713074
56	0.470347881317139
67	0.626101970672607
67	0.620002031326294
12	0.689522981643677
12	0.29980206489563
19	0.837558031082153
26	1.65297079086304
26	0.918572187423706
26	0.288228034973145
26	0.474877119064331
18	0.431213140487671
18	2.41269516944885
8	1.13607907295227
8	1.33656692504883
21	0.646075963973999
21	0.456270933151245
21	0.659018993377686
21	6.12588214874268
21	1.69808983802795
22	3.49940896034241
22	1.25628900527954
19	1.07951593399048
19	0.919242858886719
19	1.25431394577026
20	1.29126405715942
20	0.424570083618164
20	0.414880037307739
20	0.567244052886963
20	1.21418714523315
21	0.356613159179688
21	0.552947044372559
19	0.532094955444336
20	1.26048302650452
20	0.378525018692017
34	1.17099618911743
3	0.330182075500488
6	0.683095932006836
4	0.85400390625
5	1.03160095214844
4	2.18626809120178
6	0.53886604309082
3	1.79864001274109
3	0.71970009803772
4	0.573249101638794
4	0.892513990402222
4	0.383527040481567
11	0.681173086166382
11	0.284363985061646
50	1.46253204345703
14	0.793808937072754
54	0.747849941253662
54	0.815974950790405
83	1.17822813987732
83	0.294212102890015
83	1.29679703712463
83	0.478824138641357
94	0.590626001358032
94	0.43377685546875
96	0.723139047622681
96	1.1832070350647
102	2.20839595794678
225	0.120805978775024
101	0.102807998657227
101	0.653074979782104
83	0.0842218399047852
91	0.102777004241943
99	0.103332996368408
119	0.1026771068573
120	0.21321702003479
136	0.104590177536011
186	0.105890035629272
186	0.256448984146118
87	0.310234069824219
97	0.104148149490356
99	0.1021568775177
58	0.0858960151672363
58	0.269822120666504
59	0.0863640308380127
49	0.655291080474854
48	0.0829319953918457
48	0.0820000171661377
46	0.0831701755523682
47	0.445460081100464
52	0.0821051597595215
52	0.0827817916870117
48	0.0838668346405029
26	0.0476078987121582
27	0.235531091690063
23	0.0708770751953125
18	0.428076982498169
12	0.0677921772003174
48	0.130545854568481
45	0.349562883377075
44	0.162378072738647
57	0.134190082550049
57	0.0702009201049805
23	0.0681331157684326
23	0.710300922393799
23	0.0677108764648438
23	0.0685110092163086
24	0.0696370601654053
29	0.436213970184326
33	0.0690038204193115
33	0.0696580410003662
26	0.0599172115325928
41	0.0850708484649658
26	0.124445199966431
26	0.0496230125427246
25	0.0512912273406982
1	0.0696179866790771
1	0.072066068649292
38	0.0657551288604736
38	0.0633459091186523
29	0.39863109588623
37	0.0900969505310059
36	0.0625369548797607
17	0.156509876251221
23	0.126253128051758
21	0.225376129150391
20	0.216908931732178
26	0.235796928405762
27	0.0677809715270996
27	0.0759711265563965
32	0.0679221153259277
32	0.14570689201355
26	0.0466451644897461
25	0.0465428829193115
25	0.0470819473266602
19	0.0472149848937988
13	0.0479550361633301
13	0.112329959869385
32	0.0637829303741455
32	0.0465447902679443
26	0.0478689670562744
25	0.0472681522369385
19	0.0467700958251953
13	0.845673084259033
13	0.0465238094329834
7	0.693475008010864
7	1.5514669418335
7	0.0461800098419189
7	0.0581560134887695
25	0.500217914581299
30	0.177458047866821
30	0.27367901802063
1	0.655496835708618
1	0.0646288394927979
83	0.0847368240356445
83	0.0858628749847412
83	0.172489166259766
83	0.0907089710235596
84	0.998149871826172
101	0.305904150009155
101	0.112559080123901
105	0.113342046737671
111	0.263795137405396
117	0.11188006401062
116	0.112455129623413
115	0.112161874771118
120	0.113831996917725
121	0.1128830909729
122	0.45688796043396
123	0.187287092208862
120	0.113326072692871
11	0.0752317905426025
11	0.0752298831939697
23	0.0760741233825684
26	0.0755419731140137
37	0.0917720794677734
43	0.0920720100402832
43	0.0917408466339111
44	0.0931370258331299
44	0.0921368598937988
45	0.0920059680938721
51	0.0933680534362793
51	0.0950548648834229
54	0.0934450626373291
25	0.0777640342712402
25	0.0778539180755615
25	0.0766670703887939
25	0.0768260955810547
25	0.0773029327392578
25	0.0776979923248291
25	0.382407188415527
25	0.22776198387146
25	0.076815128326416
24	0.0773570537567139
763	0.138654947280884
204	0.329555988311768
206	0.367050886154175
210	0.211872100830078
210	0.136828184127808
210	0.216058015823364
210	0.136746168136597
636	0.134164094924927
636	0.134124040603638
96	0.369065999984741
96	0.114142894744873
109	0.117165088653564
106	0.119357109069824
113	0.266390085220337
122	0.115876913070679
83	0.0934607982635498
83	0.0935559272766113
83	0.0940799713134766
86	0.0950639247894287
116	0.472945928573608
116	0.0971488952636719
125	0.0990149974822998
129	0.116184949874878
145	0.388447046279907
138	0.0964629650115967
145	0.118343114852905
115	1.20810604095459
23	0.254539012908936
23	0.0956239700317383
23	0.117027044296265
25	0.0961589813232422
25	0.094818115234375
28	0.544584035873413
43	0.0961289405822754
40	0.107604026794434
40	0.679240942001343
43	0.100059986114502
103	0.0976841449737549
103	0.0976800918579102
119	0.101485013961792
100	0.101269006729126
103	0.101984024047852
88	0.29798698425293
88	0.0915389060974121
92	0.0945549011230469
9	0.205918788909912
9	0.0946891307830811
12	0.0954370498657227
5	0.0968320369720459
1	0.0943799018859863
10	0.0946261882781982
18	0.0951480865478516
15	0.289013147354126
8	0.0941319465637207
15	0.0756897926330566
116	0.610424041748047
116	0.0960948467254639
127	0.140608072280884
127	0.113631963729858
143	0.114835023880005
144	0.11760687828064
144	0.116024971008301
143	0.167283773422241
149	0.0958178043365479
156	0.483384132385254
158	0.0988671779632568
131	0.292681932449341
802	0.982115030288696
782	0.534386873245239
666	3.09790706634521
165	0.108178853988647
159	0.459686040878296
159	1.49718999862671
148	0.179222106933594
144	1.84255480766296
144	3.60802006721497
130	0.103606939315796
128	0.102596998214722
128	0.103477001190186
128	0.103672981262207
128	1.07699012756348
56	0.0790390968322754
56	0.274155139923096
22	0.274318933486938
30	0.814759016036987
30	0.79032301902771
31	1.95653390884399
32	0.364530086517334
34	0.313188791275024
34	0.539511203765869
35	1.48746490478516
35	0.0878159999847412
47	0.0908730030059814
48	0.386204957962036
48	0.109386920928955
43	0.161582946777344
13	0.179141044616699
17	0.0923230648040771
21	0.0926060676574707
25	0.0932250022888184
166	0.643325090408325
166	0.369400978088379
83	0.0998518466949463
83	0.325276851654053
54	0.0942249298095703
54	0.56563401222229
17	0.0921800136566162
25	0.0983121395111084
27	0.393115997314453
111	0.310935974121094
109	0.106223106384277
138	0.107031106948853
155	0.109102964401245
162	0.109673976898193
166	0.11238694190979
138	0.108844041824341
166	0.110786914825439
155	0.110769033432007
155	0.157663106918335
91	0.0867929458618164
102	0.086845874786377
39	0.06644606590271
26	0.06278395652771
39	0.0656039714813232
66	0.0857620239257812
59	0.0828559398651123
72	0.0845561027526855
42	0.203656911849976
42	0.0806741714477539
5	0.0772080421447754
3	0.150187015533447
3	0.0784239768981934
3	0.0975468158721924
3	0.0790789127349854
3	0.0799758434295654
3	0.0806660652160645
3	0.116547107696533
3	1.11374402046204
3	0.0975959300994873
94	0.275041103363037
102	0.0990409851074219
102	0.0963530540466309
123	0.0992550849914551
121	0.535564184188843
129	1.85008502006531
102	0.577691078186035
18	0.324042081832886
18	0.0937759876251221
289	0.110220909118652
289	0.263062000274658
4973	1.92417287826538
1608	0.259858131408691
922	0.226472139358521
291	0.120343923568726
791	0.389985084533691
603	0.213073968887329
603	0.162316083908081
421	0.146832942962646
338	0.139594078063965
316	0.114343881607056
338	0.142575979232788
313	0.113937854766846
334	0.288536787033081
316	0.13795804977417
300	0.134889841079712
207	0.264456033706665
198	0.132230997085571
94	0.12560510635376
86	0.124444007873535
69	0.119765043258667
63	0.102241992950439
67	0.120191097259521
64	0.119405031204224
27	0.102373838424683
23	0.0982778072357178
20	0.0800468921661377
23	0.621663808822632
20	0.0799860954284668
23	0.0974881649017334
90	0.301272869110107
90	0.0961000919342041
134	0.418829917907715
135	0.118274927139282
149	0.121040821075439
94	0.300201892852783
94	0.111211061477661
94	0.111407995223999
148	0.101483821868896
124	0.10051703453064
127	0.101306915283203
96	0.620891809463501
96	0.1142578125
106	0.325121879577637
106	0.116678953170776
153	0.125117063522339
181	0.139855861663818
181	0.127501964569092
195	0.129081964492798
83	0.249239921569824
83	0.0959639549255371
83	0.261154890060425
83	0.262181997299194
83	0.0995028018951416
106	0.113232851028442
121	1.0675208568573
83	0.0896642208099365
83	0.266589879989624
83	0.946148872375488
100	0.133993148803711
101	0.109570026397705
100	0.260761976242065
108	0.625751972198486
108	0.26125693321228
100	0.112375020980835
100	0.109515905380249
110	0.109356164932251
109	0.109855890274048
109	0.110272169113159
109	0.621141195297241
111	0.260398149490356
112	0.108802080154419
112	0.108783960342407
112	0.109793901443481
111	0.108836889266968
111	0.108580827713013
111	0.108967065811157
113	0.109807968139648
143	0.114938974380493
136	0.115267992019653
136	0.365808963775635
136	0.114243984222412
101	0.409540176391602
112	0.110780000686646
110	0.123269081115723
107	0.109946012496948
107	0.112052917480469
107	0.150667905807495
79	0.106012105941772
74	0.10536789894104
75	0.116836071014404
75	0.115689039230347
76	0.106289148330688
80	0.107017993927002
79	0.105509042739868
78	0.108159065246582
78	0.106019973754883
74	0.114178895950317
78	0.115077018737793
118	0.332389831542969
118	0.48881983757019
122	0.411463022232056
125	0.109494924545288
122	0.380443096160889
123	0.110196113586426
75	0.0896320343017578
75	0.089907169342041
75	0.0887119770050049
75	0.238484859466553
82	0.0893840789794922
80	0.0920419692993164
80	1.95231008529663
80	0.646771907806396
155	0.388375997543335
155	0.139359951019287
155	0.0994489192962646
106	1.08988308906555
106	1.38733577728271
106	0.712574005126953
102	0.112783908843994
101	0.134192943572998
111	0.224858999252319
111	0.112085103988647
114	0.113152980804443
112	0.11155891418457
115	0.262923002243042
145	0.11207914352417
145	0.113754987716675
60	0.0925998687744141
59	0.0922980308532715
63	0.242961883544922
123	0.100245952606201
84	0.862917184829712
82	0.685205936431885
80	0.553497791290283
82	4.61698198318481
82	0.276225090026855
90	0.0990579128265381
102	0.249811887741089
102	0.0985660552978516
124	0.105017900466919
124	0.103326082229614
120	0.0998439788818359
127	0.101500988006592
127	0.101790904998779
138	0.706169843673706
138	0.101737976074219
139	0.105370044708252
139	0.105071067810059
139	0.105007886886597
138	0.10310697555542
153	0.104682922363281
153	0.7503981590271
154	0.502999067306519
204	0.439557075500488
204	0.399168968200684
204	0.262799024581909
206	0.579576015472412
206	0.130779027938843
211	0.132230043411255
56	0.0935831069946289
56	0.0946590900421143
56	0.394871950149536
56	1.57985591888428
45	1.30857586860657
45	1.67392015457153
25	0.0775890350341797
32	0.0789730548858643
31	0.0787200927734375
76	0.0953459739685059
40	0.0801258087158203
36	0.0792441368103027
36	0.29420018196106
40	0.0822901725769043
44	0.352627038955688
33	0.0812950134277344
34	0.0825519561767578
27	0.0802590847015381
22	0.147043943405151
27	0.0789039134979248
27	0.0787551403045654
32	0.0812089443206787
32	0.075347900390625
32	0.0780749320983887
32	0.0790269374847412
27	0.0799980163574219
27	0.0800619125366211
28	0.0802719593048096
27	0.0789339542388916
27	0.080657958984375
27	0.0797901153564453
27	0.0781559944152832
27	0.078394889831543
27	0.527907848358154
37	0.0627529621124268
45	0.230184078216553
7	0.0600831508636475
15	0.0765061378479004
15	0.0775549411773682
18	0.0770931243896484
19	1.48673105239868
12	0.215412139892578
83	0.168388843536377
81	0.0913150310516357
102	0.302919864654541
101	0.094048023223877
120	0.153373003005981
120	0.87400484085083
121	0.113243103027344
122	0.376737117767334
122	0.389765977859497
122	1.02120089530945
121	0.116590976715088
117	0.112940073013306
168	0.910974025726318
45	0.0834879875183105
45	0.0806078910827637
52	0.0836520195007324
58	0.0974359512329102
64	0.0972518920898438
75	0.100626945495605
38	0.0959248542785645
38	0.0975949764251709
38	0.846575021743774
45	0.0993478298187256
47	0.0994300842285156
32	0.0866868495941162
32	0.0810132026672363
132	0.104306936264038
132	0.106966018676758
134	0.106261968612671
134	0.105120182037354
134	0.105881929397583
134	0.104775905609131
134	0.104242086410522
17	0.0875661373138428
421	0.136124849319458
6	0.0603899955749512
11	0.0755469799041748
11	1.0571300983429
41	0.144683122634888
47	0.097369909286499
89	0.100107908248901
89	0.248178958892822
89	0.121541023254395
89	0.0997989177703857
89	0.0994348526000977
95	0.0977869033813477
32	0.282780885696411
40	0.2484130859375
18	0.0646171569824219
85	0.0940148830413818
85	0.0990011692047119
85	0.284657001495361
85	0.0923810005187988
94	0.111228942871094
94	0.112805128097534
105	0.115375995635986
105	0.116719007492065
119	0.118968963623047
123	0.120257139205933
123	0.121248960494995
121	0.117592811584473
131	0.724296092987061
47	0.617067813873291
72	0.102221965789795
87	0.752788066864014
87	0.104796171188354
151	0.363617897033691
152	0.115074872970581
94	0.117815971374512
106	0.116160869598389
106	2.00211811065674
106	1.80466294288635
104	0.100105047225952
104	0.103562116622925
10	0.13273811340332
10	0.541265964508057
10	0.0921831130981445
41	0.0743939876556396
41	0.0736730098724365
39	0.0837860107421875
5	0.0804390907287598
7	0.0812761783599854
8	0.0813829898834229
4	0.0727050304412842
5	0.0748841762542725
14	0.0930399894714355
12	0.0923759937286377
6	0.0734560489654541
7	0.0747008323669434
10	0.0741970539093018
10	0.089669942855835
11	0.0923900604248047
120	0.335976123809814
123	0.215207815170288
123	0.274682998657227
126	0.256561994552612
133	0.129350900650024
133	0.357402086257935
133	0.30668306350708
133	0.126576900482178
133	1.96889281272888
133	0.546271085739136
36	0.820608139038086
36	0.116625070571899
36	0.11762809753418
39	0.17333984375
39	0.168828964233398
52	0.125646829605103
53	0.402955055236816
54	0.12070107460022
58	0.436720132827759
59	0.266877174377441
59	0.121729135513306
59	0.215335130691528
59	0.135067939758301
3	0.208770990371704
3	0.238201856613159
3	0.506944894790649
3	1.15221691131592
3	2.6499810218811
17	0.427597999572754
17	0.129769802093506
18	0.696960926055908
13	0.38303279876709
17	0.887917041778564
17	0.805239200592041
17	0.0798759460449219
44	0.245970964431763
44	0.110452890396118
42	0.413202047348022
53	0.861419916152954
53	0.0814108848571777
12	0.474457025527954
33	0.0964939594268799
33	0.0889389514923096
48	0.291681051254272
47	0.100594997406006
44	0.247470855712891
10	0.0647690296173096
11	0.0758788585662842
17	0.352190017700195
17	0.0782999992370605
17	0.0783421993255615
9	0.077056884765625
9	0.0783591270446777
12	0.0615508556365967
67	0.0798630714416504
67	1.34446096420288
67	0.0921139717102051
51	0.077078104019165
38	0.0750088691711426
47	0.0760419368743896
83	0.0927441120147705
70	0.60376501083374
50	0.455896139144897
50	1.94996690750122
56	0.405524015426636
70	0.377851009368896
13	0.354837894439697
13	0.0620460510253906
9	2.16271615028381
19	0.130005121231079
21	0.715543985366821
21	0.465795040130615
19	0.786417007446289
21	0.939241886138916
21	1.03185701370239
22	0.383998155593872
16	1.49466013908386
88	0.136890172958374
87	0.063342809677124
14	0.123695135116577
12	0.0790350437164307
35	0.070061206817627
21	0.140700101852417
24	0.0663750171661377
24	0.217082977294922
18	0.401249170303345
18	0.0771059989929199
18	0.120004892349243
18	0.0765609741210938
18	0.0777571201324463
18	0.0774581432342529
18	0.374632120132446
22	0.0792801380157471
28	0.0841679573059082
30	0.0847570896148682
30	0.0848419666290283
30	0.101455926895142
47	0.0795309543609619
47	0.0920150279998779
52	0.113265037536621
15	0.0618209838867188
48	0.158719062805176
26	0.179770946502686
29	0.53877592086792
29	0.226323127746582
36	0.107264995574951
36	0.105490922927856
36	2.23695302009583
36	1.25782108306885
14	1.56426882743835
19	0.725984811782837
19	2.54331088066101
19	0.106453895568848
19	0.250194072723389
19	0.928658962249756
19	0.0983891487121582
19	0.0987191200256348
22	0.0989038944244385
24	0.0995228290557861
25	0.315860986709595
32	0.720720052719116
29	0.28816294670105
31	0.278630971908569
24	0.304229974746704
31	0.679338216781616
31	0.551726102828979
35	0.662093162536621
31	0.287333011627197
46	0.735998153686523
39	0.142025232315063
42	0.483832120895386
42	0.0975239276885986
20	0.951835870742798
21	0.0793049335479736
21	0.0782580375671387
19	0.0780560970306396
14	0.10029411315918
17	0.294389009475708
19	0.132060050964355
19	0.209431886672974
42	0.273075819015503
35	0.0924971103668213
33	0.0937831401824951
22	0.297636032104492
22	0.0779218673706055
17	0.133635997772217
17	0.478626012802124
19	0.107294797897339
22	0.0780448913574219
22	0.077488899230957
29	0.318264961242676
28	0.257999897003174
28	0.266597032546997
22	0.238672018051147
22	0.0772750377655029
16	0.851523876190186
16	0.374151945114136
46	0.123953819274902
7	0.0777518749237061
7	0.226516008377075
6	0.0775289535522461
10	0.0794899463653564
7	0.122419118881226
23	0.0973401069641113
24	0.100579977035522
7	0.0623221397399902
7	0.290600776672363
6	0.22978401184082
9	0.520416975021362
16	0.563431024551392
19	0.0794191360473633
20	0.0797898769378662
7	0.0778818130493164
7	0.408685922622681
19	0.0785789489746094
19	0.077315092086792
8	0.216523885726929
8	0.063215970993042
9	0.0786640644073486
9	0.0618581771850586
9	0.0807538032531738
9	0.0706338882446289
9	0.0660359859466553
16	0.0814671516418457
9	0.0618150234222412
7	0.0796968936920166
22	0.0664799213409424
22	0.0700469017028809
23	0.0674839019775391
10	0.203368902206421
274	0.408118009567261
274	0.254070997238159
9	0.593574047088623
4	0.295912981033325
20	0.32141900062561
36	0.530401945114136
33	0.269817113876343
98	0.263715028762817
101	0.482695817947388
116	0.485234975814819
122	0.105845928192139
156	0.108722925186157
159	0.790560007095337
175	0.565155982971191
175	0.110455989837646
175	0.133040904998779
175	0.262606859207153
4	0.0622551441192627
83	0.0934369564056396
83	0.0937008857727051
90	0.100254058837891
90	1.45739889144897
175	0.111031055450439
175	0.643959999084473
175	0.110667943954468
175	0.731775999069214
175	0.394552946090698
175	0.471537113189697
175	0.607092142105103
175	1.13158416748047
175	0.111816883087158
175	0.262057065963745
184	0.11483097076416
184	0.172613859176636
186	0.400624990463257
90	0.0968279838562012
186	0.171390056610107
184	0.470439910888672
184	0.983416080474854
184	0.117518901824951
184	0.851941823959351
184	0.355947971343994
192	0.146744012832642
192	0.469077110290527
111	1.38854598999023
111	0.151189804077148
192	0.113181114196777
239	0.11822509765625
239	0.127336978912354
257	0.120964050292969
260	0.11994194984436
261	0.120036125183105
262	0.119678020477295
271	0.121193885803223
272	0.271239995956421
291	2.14576411247253
291	1.69770812988281
290	0.177289009094238
291	0.586852073669434
291	0.418307065963745
313	0.380859136581421
330	0.292662143707275
342	0.322013139724731
354	0.187610864639282
354	0.335819005966187
103	0.391517877578735
107	0.333730936050415
103	0.62217903137207
149	0.211463928222656
149	0.285899877548218
149	0.423862934112549
164	0.243880033493042
164	0.277107954025269
187	0.158292055130005
218	0.830214023590088
250	0.229562044143677
262	0.133275985717773
293	0.130386114120483
293	0.282871961593628
293	0.131520986557007
293	0.222854137420654
275	0.302751064300537
281	0.130938053131104
316	0.429553031921387
316	0.732280015945435
316	0.882776975631714
359	0.138690948486328
356	0.449095010757446
356	0.142009019851685
7	0.608905076980591
8	0.130892992019653
9	0.129957914352417
9	0.128756999969482
8	0.280750036239624
441	0.62916088104248
708	1.59481382369995
66	0.465655088424683
67	0.157011985778809
68	0.166693925857544
116	0.417364120483398
116	0.10847806930542
494	0.940958023071289
491	0.156683921813965
83	0.558794975280762
83	0.0960988998413086
33142	21.8016541004181
104	0.39831805229187
104	0.112574100494385
86	0.327421188354492
83	1.60646986961365
83	0.0968289375305176
24	0.450576066970825
17	0.246232032775879
19	0.460623979568481
83	0.311743974685669
4	0.258195877075195
25	0.0758578777313232
33	0.093189001083374
33	0.0924110412597656
7	0.0808959007263184
7	0.0817770957946777
13	0.387254953384399
13	0.385226011276245
25	0.0795450210571289
26	0.0783061981201172
25	0.519166946411133
26	0.399639844894409
26	0.767287015914917
26	0.0794827938079834
28	0.218194961547852
26	0.229450941085815
23	0.0783579349517822
15	0.0778851509094238
24	0.0785379409790039
23	0.0883660316467285
22	0.148661851882935
24	0.0786290168762207
27	0.0790131092071533
25	0.0786831378936768
25	0.529698848724365
44	0.247579097747803
44	0.863774061203003
44	0.539053201675415
50	0.127655982971191
51	0.288119792938232
75	0.123243093490601
84	0.170754194259644
84	0.119988918304443
93	0.284143924713135
120	0.126569986343384
70	0.102171182632446
70	0.155613899230957
93	0.43349289894104
101	0.29442286491394
113	0.380530834197998
85	0.105993986129761
91	0.108724117279053
95	0.11127495765686
97	0.108206033706665
97	0.390919208526611
77	0.848626136779785
77	0.498322010040283
77	0.207420110702515
80	0.104266166687012
81	0.105446100234985
87	0.105747938156128
90	0.106694936752319
84	0.108063936233521
102	0.735565900802612
80	0.144330024719238
312	0.379668951034546
312	0.195957899093628
116	0.432919025421143
113	0.260776042938232
113	0.251478910446167
117	0.247888088226318
117	0.131444931030273
100	0.275489091873169
111	0.436544179916382
111	0.12512993812561
111	0.12322998046875
72	0.198840141296387
72	0.335309982299805
20	0.0778770446777344
23	0.0988719463348389
125	0.390809059143066
125	0.28080415725708
19	0.354606866836548
19	0.0870950222015381
19	0.0891799926757812
16	0.24934196472168
21	0.277036190032959
29	0.120287895202637
26	0.0860600471496582
26	0.0860669612884521
29	0.0877120494842529
29	0.239208936691284
21	0.144363164901733
30	0.357656002044678
28	0.440181970596313
30	0.0870020389556885
30	0.298881053924561
32	0.0865409374237061
32	0.186244010925293
36	0.100045204162598
38	0.0887141227722168
35	0.0884330272674561
59	0.395113945007324
37	0.0912199020385742
38	0.239008188247681
29	0.0859239101409912
29	0.627001047134399
34	0.80143404006958
40	0.147692918777466
41	0.100961923599243
31	0.114910125732422
34	0.10499119758606
30	0.0832250118255615
30	0.0822288990020752
30	0.433614015579224
30	0.532434940338135
14	0.0805900096893311
18	0.115629911422729
18	0.0841269493103027
26	0.535539865493774
37	0.0879390239715576
58	0.0938551425933838
95	0.135934829711914
115	0.116563081741333
115	0.745807886123657
115	0.307452917098999
116	0.972522020339966
115	0.415695905685425
115	0.115909814834595
124	0.359386920928955
129	0.251269102096558
129	0.61009693145752
13	0.0668239593505859
17	0.069443941116333
72	0.425254821777344
70	0.390641927719116
1284	0.667640924453735
1284	1.15521001815796
