2443	1
1	0
1	0
10819	1
8407	2
13370	3
22044	1
8186	2
39341	7.31889986991882
59150	3.4965238571167
2683	0.0148169994354248
41806	4.9770028591156
42227	2.26506090164185
23714	1.26939988136292
20463	2.80682802200317
27109	1.95192003250122
37406	2.31594300270081
36413	2.95223999023438
28696	2.98001313209534
9935	2.15126895904541
20168	3.82497501373291
50934	2.1953809261322
13342	0.999655961990356
19485	1.39633107185364
17065	1.56222319602966
55029	4.70523309707642
43249	3.5131618976593
24240	4.22222900390625
5615	2.5814220905304
26892	4.48110294342041
48324	5.3840548992157
11255	0.847285032272339
64317	3.36379599571228
64252	11.1705319881439
16924	1.94436001777649
16299	5.58965301513672
64328	3.30759382247925
0	0.0151610374450684
3256	0.122874975204468
5725	0.956316947937012
9111	0.488134860992432
22118	2.70524215698242
1625	0.051677942276001
5983	0.427831172943115
1146	0.0540430545806885
1716	0.279472827911377
1877	0.0234580039978027
4162	0.705415964126587
1890	0.0959339141845703
5957	0.5072181224823
5899	0.834352970123291
2533	0.383718013763428
7177	0.895567893981934
0	0.415801048278809
10197	0.653455018997192
5829	0.463306903839111
23468	1.3822557926178
5437	0.510073900222778
17167	3.22312307357788
30740	5.13940095901489
13183	2.17197513580322
415	0.0137228965759277
6940	0.724528074264526
1038	0.031548023223877
4016	0.580487966537476
16480	2.3912661075592
5200	0.204873085021973
4366	0.0573978424072266
8906	0.679273843765259
11907	0.701393127441406
0	0.0420711040496826
8406	2.21725416183472
11036	0.683026790618896
7857	1.14002895355225
7068	1.7179741859436
0	0.0155951976776123
5829	0.135863065719604
5829	0.433048009872437
5285	0.572065114974976
26243	2.12131595611572
4911	0.60527491569519
5704	0.621993064880371
2438	0.0625820159912109
200	0.0106689929962158
208	0.00841283798217773
321	0.0102639198303223
346	0.0141880512237549
11884	0.845918893814087
0	0.0154268741607666
15702	1.71508002281189
5437	0.508713006973267
23359	1.36383295059204
7889	0.90349292755127
14274	0.989135980606079
7936	1.36842799186707
7818	0.316267967224121
3602	0.0760529041290283
6587	0.39128303527832
2459	0.0645220279693604
16206	1.55129909515381
20822	1.43865895271301
0	0.0153911113739014
22540	4.0966329574585
15420	6.1138379573822
21592	3.01354503631592
86973	6.75415086746216
22223	2.0133330821991
26310	4.92360806465149
4073	1.25268483161926
9533	0.458369016647339
8778	1.20126295089722
17679	1.79451394081116
12689	0.593509912490845
62308	2.51280903816223
22277	3.61758303642273
40135	1.3889639377594
9823	0.570021152496338
187012	7.99774694442749
4117	0.372729063034058
79265	12.3288190364838
108472	3.99183487892151
29128	5.47310400009155
30201	1.43243384361267
7890	0.727243900299072
6984	0.990330934524536
943	0.0207779407501221
16346	2.01498007774353
41298	1.36488008499146
64718	6.93950414657593
29990	9.67031216621399
9421	0.347322940826416
10634	0.678100824356079
29364	2.0215859413147
7639	0.332482099533081
11219	0.402708053588867
7222	0.648999929428101
7818	2.47672700881958
16804	1.67044711112976
59386	6.75745701789856
61799	7.60900092124939
9731	0.122309923171997
35044	3.05687880516052
34394	5.00572609901428
13841	2.41988396644592
0	0.156317949295044
13188	1.2070689201355
100351	4.6014039516449
10357	0.657104969024658
12188	1.62234210968018
9437	0.373453855514526
14167	0.378030061721802
11219	0.775236129760742
415	0.0140430927276611
20352	1.38067388534546
5740	0.325283050537109
99	0.0166997909545898
53779	4.62147998809814
9640	0.625774145126343
20772	1.39025187492371
7262	0.613440036773682
15678	3.77729201316833
1571	0.0553619861602783
1742	0.161888837814331
23701	7.66501188278198
47542	11.3149809837341
0	0.32199501991272
1	0.016232967376709
0	0.0155479907989502
4	0.0166909694671631
7	0.0167140960693359
42	0.00850605964660645
7716	0.856194972991943
1652	0.0477328300476074
717	0.0243659019470215
2852	0.277170181274414
6643	0.104584932327271
1130	0.0355150699615479
2758	0.0450501441955566
5542	0.528176069259644
988	0.0154159069061279
824	0.0419378280639648
18270	1.27868103981018
34508	12.8240349292755
6197	0.483262062072754
10609	1.16317510604858
7833	0.740082979202271
24507	0.980676889419556
12476	0.815419912338257
788	0.0390949249267578
1664	0.408998012542725
41298	7.12068200111389
188646	23.5370531082153
3602	0.534367084503174
4754	0.397655963897705
3602	0.387423992156982
26210	4.7486400604248
1652	0.0490810871124268
1718	0.0227248668670654
9426	0.411824941635132
62920	26.4864451885223
22113	9.96310210227966
150799	8.68172001838684
2551	0.380208969116211
1147	0.02193284034729
30558	7.36163306236267
77085	7.4892578125
82050	4.9365599155426
4294	1.67609405517578
12770	1.6805739402771
35574	6.3028290271759
2987	0.29587197303772
8546	3.23845505714417
16373	3.54557919502258
6565	1.79868197441101
27734	4.88706111907959
4187	0.522819995880127
5704	0.60404109954834
4977	2.57065415382385
11367	0.3667311668396
7065	0.0737361907958984
9607	0.467391967773438
52222	3.33547306060791
0	0.0155739784240723
2438	0.0632150173187256
1625	0.0383369922637939
14856	0.212424993515015
4048	0.752915859222412
3602	1.08150100708008
14665	0.921731948852539
14665	1.07345604896545
36299	8.28310298919678
3602	1.51833486557007
45359	4.20541405677795
53232	2.39052295684814
12018	1.68614387512207
2927	1.03395795822144
4577	0.261298179626465
3123	0.309172868728638
33424	1.93614506721497
15603	1.86533808708191
14665	0.661342859268188
15138	1.36309599876404
8355	1.7615852355957
7779	1.44032001495361
2808	0.434017181396484
415	0.24822998046875
59533	11.5793581008911
30568	5.46992206573486
43737	6.29495310783386
34207	5.69280290603638
87988	5.52962207794189
4048	0.481152057647705
6363	0.364802122116089
16357	1.13804888725281
6595	2.95748519897461
7818	6.48420691490173
16591	2.89676594734192
4917	1.58340382575989
5626	1.17433500289917
115647	6.18667912483215
9245	0.173700094223022
7717	1.38008284568787
7587	1.41630482673645
11764	1.06392002105713
2391	0.595049858093262
37620	3.9766800403595
5853	1.07742118835449
9795	0.565052032470703
18726	5.4150218963623
0	0.599478960037231
9180	3.47632503509521
22372	2.25691103935242
2909	1.34539580345154
5333	2.99668002128601
6848	2.07102203369141
5256	0.419214963912964
1300	0.355812072753906
11303	8.39484596252441
4901	1.31342911720276
14049	1.0250198841095
10674	2.03907513618469
61012	14.5711550712585
9666	2.76884198188782
8437	0.848258972167969
10	0.0794899463653564
6176	2.33168411254883
25334	12.6531608104706
11604	2.91422581672668
9764	1.83106803894043
6586	1.33701300621033
11883	4.55504417419434
74101	16.1773338317871
83377	10.0644710063934
10570	2.31326103210449
10570	1.45623111724854
19567	14.775533914566
14566	2.40376591682434
3256	1.17427110671997
10549	3.09374499320984
11971	1.91590595245361
11971	1.79866099357605
11887	1.93220901489258
29772	6.27625513076782
28468	2.19323587417603
11940	6.77824401855469
27196	3.22712397575378
489	0.246434926986694
21714	4.58386182785034
20478	8.90114688873291
1068	0.331391096115112
3696	0.886850118637085
160433	37.3304731845856
61827	2.10396504402161
15635	1.645015001297
22796	5.36945509910583
6846	1.32124400138855
19100	4.29901909828186
29877	4.2956759929657
31479	2.71243405342102
2162	0.491541147232056
47303	7.0619010925293
17930	2.41112303733826
2705	1.01038503646851
66527	4.40627384185791
7647	1.07785606384277
4530	0.482854127883911
3261	1.16292595863342
3261	0.358051061630249
8403	1.63239288330078
14148	1.00891709327698
0	0.140414953231812
12195	1.06347012519836
14413	0.882025003433228
22757	3.10389876365662
13419	2.06645894050598
26357	2.60229992866516
19633	0.195309162139893
2219	0.234579086303711
7086	0.433513164520264
1763	0.422970056533813
1763	1.20968914031982
1763	0.54249095916748
984	0.457908868789673
984	0.577769041061401
8906	2.27974605560303
3256	1.57072591781616
4253	0.513695955276489
12195	3.38003301620483
0	0.571545839309692
40989	1.91168689727783
45114	1.83755803108215
34385	13.5976440906525
22796	8.76676082611084
26248	1.05437994003296
24784	7.51323413848877
7886	2.57552289962769
0	0.0883150100708008
27232	4.85737800598145
8782	1.22625684738159
34158	3.09012293815613
5268	0.487241983413696
20816	3.31380605697632
853	0.184190988540649
745	1.95042991638184
3602	0.855026006698608
7886	2.501708984375
87178	6.48135209083557
13766	0.734954833984375
3256	0.56524395942688
3256	0.622689008712769
3256	2.33468198776245
0	0.237176895141602
0	0.288343906402588
0	0.386996030807495
0	0.85059118270874
0	0.0878829956054688
0	1.30985403060913
0	0.237774848937988
0	1.32612991333008
0	0.0883150100708008
0	0.692187070846558
0	0.570660829544067
0	0.0884320735931396
0	0.138256788253784
0	0.209801912307739
0	0.585268974304199
0	0.748792171478271
0	0.26967716217041
0	0.230417966842651
0	0.719377994537354
0	0.568575859069824
0	0.0904300212860107
0	0.0891091823577881
0	0.0891549587249756
0	0.290408849716187
0	0.0884139537811279
20374	2.3296217918396
20374	1.61036992073059
20374	5.58622694015503
12168	2.35119009017944
12168	1.18686604499817
0	0.338469982147217
0	1.61313915252686
12168	3.08272480964661
0	0.767947912216187
3	0.091569185256958
3	0.157153844833374
12168	2.66210293769836
5450	1.24886918067932
5450	1.12213802337646
5450	0.540163993835449
8586	1.42709493637085
6463	0.697806835174561
0	0.4790940284729
16569	2.87819695472717
1060	0.287631988525391
4051	0.384921073913574
4039	0.630568027496338
2808	0.457116842269897
2808	0.307175159454346
2386	0.48354697227478
13911	0.345488786697388
952	0.1563720703125
1739	0.142939805984497
20171	0.0403070449829102
22109	0.697196960449219
26594	1.38261914253235
3452	0.636785984039307
3993	0.628335952758789
618	0.361688852310181
26654	0.0438661575317383
5222	0.869167804718018
27997	3.45923900604248
44693	5.87542200088501
3602	0.516162157058716
2014	0.202083110809326
2997	0.900341987609863
0	0.0886690616607666
2997	0.368378162384033
2997	0.81853199005127
2997	0.518963098526001
0	0.524471044540405
20648	2.50768899917603
20648	2.45735287666321
20648	4.89522480964661
0	0.26849889755249
19	0.0911121368408203
27	0.759201049804688
36	0.124123096466064
71496	7.43882703781128
22026	2.03035998344421
71496	6.05042195320129
22026	5.07922887802124
71496	8.73686909675598
0	0.843271970748901
38349	2.70256304740906
12168	1.47715020179749
12168	1.17344808578491
12168	2.3867199420929
10633	2.0946319103241
10271	1.24930191040039
2267	0.121690988540649
27909	0.870671033859253
8445	5.96071290969849
2752	0.230442047119141
10603	6.79278016090393
10722	2.74430298805237
4253	1.18713808059692
13810	2.26198601722717
2342	4.3570339679718
32963	2.24791312217712
45753	27.9901661872864
51058	11.2886950969696
8445	0.33384108543396
69682	13.7697739601135
22361	14.0927040576935
8445	14.4555900096893
28938	4.16575407981873
34163	13.8978140354156
85824	5.701584815979
45613	9.93204689025879
41089	17.4222779273987
75436	11.4017741680145
5128	1.64375901222229
74635	9.20626616477966
2373	1.64914083480835
30961	30.8360390663147
7301	1.04898405075073
25060	5.86882400512695
90955	2.19548892974854
126551	21.0677211284637
2633	0.419073104858398
774	0.287698984146118
1109	1.15361094474792
99401	4.68527007102966
43437	5.38712286949158
957	2.27946591377258
8610	10.8350899219513
12389	13.7393341064453
2612	1.27423906326294
22380	2.41828203201294
5626	0.486463069915771
22797	1.53039598464966
102305	8.06679010391235
14292	0.128492832183838
11779	1.1315279006958
84740	21.2036669254303
6480	1.32786083221436
17945	2.96707510948181
3478	0.452020883560181
234581	50.578332901001
39090	2.75115203857422
11829	0.730080842971802
20010	3.73711609840393
87	0.223951101303101
1891	0.287649869918823
6173	0.247213840484619
211180	12.8013939857483
1722	2.15439200401306
1740	0.990601062774658
348	1.05894804000854
421	0.0917689800262451
421	1.1666419506073
219	0.876332998275757
190	1.37313199043274
181	0.077754020690918
184	0.077584981918335
184	0.469956159591675
170	0.366891145706177
168	0.0944020748138428
8504	0.917366027832031
2204	2.21497797966003
55524	6.4776828289032
11553	0.475696802139282
12743	0.206261873245239
18304	0.228518009185791
36175	0.510603904724121
11987	0.0150330066680908
11987	0.0179469585418701
11987	0.0289030075073242
11987	0.0147769451141357
1042	0.107640027999878
29790	9.67123508453369
37539	1.13174200057983
10248	0.849016904830933
933	0.878237962722778
16092	0.523172855377197
6963	0.020637035369873
13	1.99287700653076
16039	0.583460092544556
715	0.327982902526855
7933	1.88486504554749
0	0.0883879661560059
15778	4.8144199848175
57651	5.30426096916199
415	0.210481882095337
1002	0.189002990722656
37415	6.58565497398376
41818	3.64161801338196
23968	9.64889287948608
4062	0.265537977218628
309	0.171633005142212
42154	5.56368708610535
11824	1.09806084632874
32080	0.887602806091309
9918	1.75655198097229
57727	6.57598495483398
24205	6.7939670085907
27594	0.745161056518555
29181	5.59742307662964
53560	4.28893399238586
8534	0.914858102798462
41772	2.52217721939087
53757	10.8312470912933
59731	16.3766138553619
2071	0.286887168884277
65251	0.807744979858398
11840	5.31400918960571
2068	0.65581202507019
35177	6.44155812263489
7591	0.466205835342407
20666	1.41035485267639
20666	0.809049129486084
8248	1.24166393280029
12282	2.75949120521545
2298	5.8776638507843
11478	2.15842390060425
7732	3.85430717468262
41306	1.89769005775452
6077	0.478983879089355
4348	0.560161828994751
25662	8.58847999572754
25666	0.837234973907471
19631	3.64338302612305
1	0.0921759605407715
3725	1.50186204910278
64130	6.12893295288086
21001	4.80468201637268
14820	10.5081498622894
4644	0.459828853607178
28214	2.59602499008179
10501	1.45299601554871
52249	27.4871888160706
20012	2.6210720539093
56739	3.85618805885315
3602	0.634093046188354
32	0.241832971572876
6	0.132929801940918
10819	2.24017405509949
6495	1.50409889221191
33126	3.02027416229248
62	0.0904040336608887
2443	0.149572849273682
14984	11.4469408988953
36964	15.7336809635162
15614	2.57498621940613
13423	0.628113031387329
0	0.391362905502319
1938	0.615992069244385
60774	5.21357011795044
13609	0.916568994522095
30988	5.85066199302673
26214	4.81874513626099
43159	7.61449313163757
17003	15.0776360034943
4635	0.993229866027832
260	0.535320997238159
11640	1.18478202819824
35755	6.39286303520203
249806	42.5194818973541
9875	2.12017393112183
3589	0.713630199432373
15214	1.09517908096313
4524	0.195408821105957
2838	0.903532981872559
6488	0.858207941055298
78510	23.8779721260071
21	0.0944950580596924
4524	0.508407831192017
4524	0.521293878555298
42178	14.4855680465698
42178	10.3125960826874
42178	8.29627513885498
3256	1.73069500923157
3256	1.20337700843811
2960	3.29702401161194
2960	1.46912312507629
38822	2.20231890678406
38836	2.31524586677551
23236	9.01273918151855
15032	1.04410696029663
15032	2.46608996391296
15032	1.50564503669739
15032	0.971179962158203
10555	3.20282387733459
8906	0.930546045303345
6820	2.35813498497009
3602	0.741205930709839
2443	0.120223999023438
2443	0.0945239067077637
2443	0.245634794235229
2443	0.916700839996338
10817	0.977115154266357
4326	0.358680963516235
0	0.282666206359863
5134	0.261833906173706
10817	1.7824501991272
10817	0.558204889297485
19860	1.37332010269165
19860	1.5108699798584
33451	1.48461484909058
44296	1.53132009506226
44337	12.3957190513611
44301	11.2701489925385
44295	0.0943219661712646
44299	4.64044094085693
3602	0.777878046035767
44195	7.18612790107727
44272	9.8495409488678
44324	3.21745204925537
18962	0.850474119186401
9949	0.835630893707275
9012	2.05243396759033
78880	28.071958065033
78880	26.8281061649323
13316	0.541057109832764
23656	13.1903429031372
23615	11.5236940383911
23615	2.36824989318848
3602	0.769023180007935
3602	0.339847087860107
68	0.0936079025268555
7118	1.35754704475403
10889	1.91898798942566
34635	1.8774299621582
3602	0.402568817138672
3602	2.89378905296326
10889	4.86869287490845
19943	19.2526111602783
19943	3.91825795173645
19943	4.66353893280029
19943	3.79526996612549
19943	13.9632430076599
3602	3.92454981803894
3602	1.24051403999329
19943	4.48776412010193
3602	0.334301948547363
19943	2.1824369430542
3602	0.720907926559448
19943	4.90812301635742
19943	3.28020000457764
21069	2.05658411979675
78706	24.5556700229645
78706	21.0498309135437
18964	1.77183604240417
5716	3.31436896324158
14802	2.63925814628601
1278	0.129200220108032
1278	0.437228918075562
13414	2.3520290851593
12769	1.17462086677551
984	1.58972382545471
3256	1.5916748046875
5450	1.18691301345825
4056	1.80402302742004
11663	2.49885606765747
4898	1.85270881652832
2960	0.409497976303101
3941	0.895288944244385
5716	1.18306183815002
5716	1.49403619766235
5716	1.25986695289612
5716	0.873608112335205
9682	3.18228602409363
19667	5.41730284690857
14802	9.6397430896759
9273	2.62501287460327
137522	13.7810578346252
137522	14.6515488624573
14802	1.54598116874695
30413	5.59397792816162
12552	4.29580402374268
78547	21.3447680473328
17499	5.83520579338074
19667	2.69594192504883
19667	3.20032215118408
2950	0.232089042663574
19667	11.6591141223907
11004	2.99787497520447
10994	0.649401903152466
27122	8.34678196907043
43928	7.47774195671082
12244	0.311736106872559
42461	3.67923712730408
20222	4.18702387809753
1696	1.18169188499451
21069	0.977557897567749
78547	57.4605929851532
6866	3.96807813644409
7047	2.49830603599548
8889	0.915961027145386
2296	0.375046014785767
5716	0.599730014801025
651	0.248040914535522
14607	3.98466396331787
1992	0.310725927352905
32	0.100320816040039
32	0.180586099624634
32	0.132439851760864
32	0.102054119110107
32	0.296847105026245
39	1.07556200027466
2960	1.82888197898865
28	0.180052042007446
28	0.468094110488892
28	1.53515195846558
10881	1.72315311431885
10898	3.61136913299561
13415	3.66239190101624
487	0.277133226394653
124912	6.30012106895447
3602	1.7140200138092
3256	0.559121131896973
12555	0.459442853927612
747	0.188266038894653
3172	0.54700493812561
3835	0.977293014526367
53092	13.2665340900421
67089	20.4062860012054
11477	2.07656192779541
77510	9.05148696899414
25561	6.22913002967834
89378	1.1756751537323
29	1.26676297187805
455	0.228568077087402
34221	11.8533120155334
2791	1.46228694915771
38986	7.08162403106689
1752	0.342205047607422
128770	7.30064296722412
78681	1.88492393493652
33358	8.01268720626831
302543	6.436851978302
3351	2.90871787071228
1269	0.692742109298706
2223	1.49081206321716
1444	0.521876096725464
61393	7.18536710739136
10271	0.975986957550049
3256	1.71323800086975
38	0.666442155838013
38	1.27887082099915
38350	1.80494809150696
38350	0.600448131561279
38350	1.35881495475769
38350	0.600990056991577
38350	0.601526021957397
44	0.173969030380249
586	0.647125005722046
20700	3.92298007011414
10271	0.743351936340332
38350	1.79939293861389
38350	0.593054056167603
125	0.257863998413086
125	0.191493034362793
3459	0.260854005813599
38350	0.601627111434937
38350	1.60681700706482
38350	0.593588829040527
38350	1.04823398590088
38350	1.19184398651123
38350	2.40642309188843
38350	3.66709399223328
38350	0.309051990509033
38350	0.291635036468506
38350	0.940197944641113
38350	0.298942089080811
38350	0.301294803619385
38350	0.289920091629028
38350	0.899415969848633
38350	0.554594993591309
1240	0.299761056900024
1804	0.493415832519531
6848	1.54917693138123
6848	0.355059862136841
6848	0.36391019821167
6848	1.29745221138
6848	1.26061797142029
6848	1.26531410217285
6848	0.364171028137207
6848	0.360455989837646
6848	1.8813681602478
2223	0.484784126281738
38350	0.293678998947144
1240	0.297444105148315
4360	0.0274410247802734
6378	0.986825942993164
10271	0.18027400970459
11723	0.583312034606934
15511	1.07973003387451
5006	1.35143995285034
10753	1.85332012176514
16818	2.40357685089111
14218	1.55268883705139
2223	0.645051002502441
14218	7.32738590240479
54111	5.21491193771362
5377	0.414354801177979
18664	1.3410267829895
13487	0.542315006256104
9682	1.6248631477356
24055	0.555342197418213
11839	0.405863046646118
30977	0.992612838745117
35446	2.18127799034119
10636	0.674395084381104
5829	0.469985008239746
14802	0.649087905883789
285	0.204963207244873
760	0.601953983306885
10800	1.3420250415802
37190	7.35105800628662
37190	15.663183927536
11546	0.821151971817017
1137	0.775219917297363
5416	0.794066905975342
5416	0.474162101745605
21	0.41642689704895
31	0.105795860290527
31	0.407666921615601
24	0.106311082839966
61	0.402550935745239
61	0.104520082473755
61	0.103535890579224
61	0.10852313041687
57	0.103434801101685
45	0.105998039245605
55	0.262104034423828
55	0.449474811553955
55	0.106019020080566
57	0.25950813293457
59	0.256006002426147
59	0.257623910903931
58	0.555819988250732
58	0.75141716003418
58	0.106482982635498
53	0.746757030487061
53	0.1961829662323
52	0.407535076141357
53	0.428428173065186
59	0.106059074401855
65	0.110281944274902
65	0.10882306098938
65	0.106742858886719
65	0.408243894577026
73	0.474704027175903
82	0.106719970703125
86	0.255499839782715
86	0.24854302406311
54	0.10735297203064
65	0.671167135238647
73	0.106086015701294
92	0.25981593132019
92	0.56895899772644
92	0.247221946716309
103	0.761523962020874
147	0.411827087402344
147	0.123143911361694
147	0.260587215423584
147	0.104397058486938
101	0.0948450565338135
108	0.0986530780792236
126	0.268086194992065
123	0.149404048919678
123	0.138780117034912
108	0.400445938110352
25	0.489959955215454
26	0.107006788253784
68	0.463598012924194
68	0.199408054351807
69	0.269308090209961
3602	0.375013828277588
569	0.49101710319519
569	0.279866933822632
569	0.108622074127197
44	0.107761144638062
44	0.121709823608398
44	0.126201868057251
44	0.406955003738403
44	0.264414072036743
60	0.574193000793457
76	0.273192882537842
87	0.384142160415649
87	0.122322082519531
119	0.158143997192383
119	0.21230411529541
119	0.195220947265625
138	0.167587995529175
138	0.297638177871704
138	1.49267888069153
138	0.864053010940552
171	0.176488876342773
203	0.188268899917603
239	4.12191390991211
239	1.15865993499756
827	0.53919506072998
827	1.16553688049316
827	1.76857304573059
23732	1.569580078125
3602	1.79794883728027
152	0.331241846084595
6392	2.23057007789612
11	0.581979990005493
76	0.0510399341583252
76	0.0504450798034668
3580	1.21139001846313
3580	2.33225417137146
3580	1.69821405410767
117069	1.2469539642334
11	0.280481100082397
271	0.592123031616211
10787	1.68810701370239
15541	2.1402530670166
16709	16.9121949672699
8	0.3661789894104
29806	10.2405779361725
7	0.233353853225708
10	0.688333034515381
10	0.433596134185791
5876	1.84973692893982
5886	1.19190406799316
5886	0.376482009887695
5886	0.360970973968506
5886	0.706197023391724
5876	1.61167001724243
5884	1.27825999259949
5886	3.38927102088928
5886	1.28834891319275
5886	1.73304319381714
5876	2.39171314239502
5886	1.80896711349487
5886	1.12072992324829
5876	1.35251307487488
5886	4.13259100914001
5886	1.01810193061829
5886	2.18803787231445
5886	1.238126039505
5886	1.74974894523621
5886	1.86843705177307
5886	1.25774097442627
5876	3.11435103416443
5886	1.78614807128906
5886	1.34878396987915
5876	0.809212923049927
5876	0.816589832305908
5886	2.30510306358337
5886	3.61680316925049
5886	1.72107791900635
2235	1.50037503242493
10571	1.88667702674866
5886	1.863450050354
9	0.149633884429932
9	0.167004823684692
18	1.03007316589355
24	0.144546985626221
23	0.307109117507935
39	0.145183086395264
40	0.527892112731934
44	1.25386095046997
46	1.3243088722229
47	1.32151913642883
47	0.602216958999634
47	1.29001402854919
47	0.271764039993286
47	0.896298885345459
55	0.849188804626465
54	0.658416986465454
6913	2.87636804580688
10991	4.73642706871033
14275	3.74545001983643
8906	3.00464797019958
6072	2.7323260307312
82	0.229133129119873
85	0.145081043243408
89	0.596261978149414
89	0.334897041320801
6072	1.16304707527161
6072	2.16326189041138
89	0.371268033981323
6905	3.16546416282654
6913	5.5150158405304
6913	2.74224996566772
6047	2.25968503952026
30560	17.2249081134796
38350	0.632117033004761
5336	0.964509010314941
5336	2.87880301475525
5336	1.57975816726685
5336	2.30128908157349
5336	1.43240809440613
15854	1.66201710700989
956	0.424942016601562
956	0.815181016921997
956	1.49078917503357
956	0.808712005615234
233	0.900633096694946
705	0.79631495475769
705	0.845022916793823
705	1.8479311466217
705	2.09966588020325
395317	23.3960959911346
395278	21.1795580387115
25214	2.66937208175659
41571	3.93107414245605
24613	5.6312267780304
38381	5.55631113052368
9157	2.45802807807922
34128	5.38017392158508
38350	6.53182482719421
86174	18.2923359870911
69491	28.8101511001587
5829	2.24896383285522
5829	1.56529593467712
3597	1.63480591773987
3597	1.17546391487122
3597	2.18832993507385
8906	1.36414980888367
19500	2.24281597137451
33215	4.50181412696838
6072	1.15351486206055
3500	1.22562384605408
10646	4.15697908401489
10646	2.61879086494446
7	1.20003008842468
7	0.429776906967163
10	1.12085890769958
10	0.438565015792847
86174	18.1442768573761
10991	2.42385196685791
4051	1.83000087738037
19789	4.53768801689148
38350	2.3760769367218
10381	1.12145018577576
10570	1.69824504852295
6913	2.9401650428772
14	0.386267900466919
14	1.03974509239197
21906	6.01133584976196
14591	3.39691305160522
386	0.317218065261841
40	0.320405960083008
40	0.595919847488403
4524	0.547713994979858
4524	1.17397594451904
4524	0.607311964035034
386	0.328288078308105
29872	5.46033310890198
29872	0.850328922271729
29872	3.55362391471863
29872	2.98612904548645
2	0.146661996841431
7	0.446317195892334
19	0.300804853439331
25	0.280354022979736
26	0.209908008575439
35	0.289052963256836
35	0.167827129364014
38	0.567624092102051
38	1.41546607017517
35	2.37056398391724
76	0.0674428939819336
97	0.0447781085968018
110	0.045039176940918
110	0.0450401306152344
99	0.0451550483703613
100	0.196279048919678
166	0.137763023376465
166	0.609438896179199
166	0.580371141433716
166	0.575533866882324
166	0.28023886680603
166	3.02185702323914
166	0.877792119979858
166	0.12437105178833
166	0.447021961212158
166	0.729761838912964
166	0.576812028884888
166	0.908337116241455
166	0.586375951766968
166	0.426766157150269
166	0.311700105667114
166	0.120432138442993
166	0.733613014221191
166	0.429013013839722
166	0.275947093963623
161	0.423631906509399
3580	0.629859924316406
707	0.11024808883667
5149	0.309697151184082
5618	0.515766859054565
970	0.121821880340576
1498	0.790270090103149
989	0.511909961700439
790	0.510835886001587
790	0.365195989608765
1088	0.378512859344482
54663	3.3149209022522
1348	0.930481910705566
1100	0.207525014877319
11685	0.866173028945923
6289	1.69023203849792
2360	0.697453022003174
506	0.511798858642578
17961	0.974058866500854
28	0.326417922973633
507	0.527334928512573
507	0.0398430824279785
507	0.0428729057312012
507	0.0389080047607422
507	0.043086051940918
507	0.0429210662841797
507	0.201104879379272
507	0.0428102016448975
742	0.0324370861053467
742	0.0316319465637207
747	0.0328299999237061
747	0.69878101348877
747	0.0334560871124268
6289	3.19846606254578
6289	1.28185796737671
6289	0.766685962677002
6527	0.446288108825684
689	0.0309770107269287
689	0.0335161685943604
795	0.0413072109222412
729	0.520627021789551
795	0.0413379669189453
756	0.0344350337982178
826	0.0401480197906494
942	0.0418128967285156
989	0.0401461124420166
989	0.0445749759674072
772	0.0353639125823975
833	0.0360360145568848
747	0.0345969200134277
791	0.0363469123840332
931	0.0375158786773682
879	1.14742398262024
879	0.0375621318817139
879	0.0465540885925293
258	0.0720300674438477
268	0.0733041763305664
268	0.474947929382324
278	1.4807071685791
167	0.0308239459991455
190	0.0513839721679688
200	0.0791060924530029
214	0.813632011413574
235	0.614567995071411
235	0.386157035827637
2280	0.318957090377808
17640	1.74152588844299
1315	0.595222949981689
2360	0.863241910934448
4375	0.404106855392456
28708	3.57732391357422
5345	0.446088075637817
42002	9.26663303375244
22391	6.56724381446838
8690	1.66580605506897
386	0.297668933868408
386	0.160299062728882
386	0.159958839416504
386	0.157238006591797
386	0.316482067108154
386	0.604119062423706
386	0.158395051956177
386	0.308284997940063
29868	3.08622789382935
29868	2.00398421287537
29868	2.68238997459412
29868	4.4814350605011
29868	1.24738121032715
29868	1.45934700965881
1923	0.316898822784424
12	1.76930999755859
16	0.747014045715332
19	0.743973970413208
19	0.598995923995972
19	0.296812057495117
71	0.777621984481812
75	1.33903789520264
9444	3.26927804946899
25	0.454983949661255
22	0.510174989700317
22	0.617262840270996
26	0.744715929031372
39	1.5947060585022
52	1.66277194023132
1652	0.708434104919434
1652	0.857776165008545
10581	1.16479682922363
64699	11.0610461235046
31164	5.98244094848633
32060	7.78670406341553
6959	2.05577611923218
7817	2.74150896072388
2131	2.10174608230591
5950	1.25564503669739
9115	1.54652905464172
8643	1.4505410194397
6067	2.0989830493927
37971	10.8720149993896
5037	0.403825998306274
31	0.375159025192261
35	2.11331391334534
10	0.482004880905151
12	2.48495602607727
213443	0.0268120765686035
20	0.659224987030029
20	1.85366201400757
27	0.627669095993042
38	0.57791805267334
22169	9.98238205909729
16935	6.86432790756226
23	0.940078020095825
4524	1.11393094062805
4524	1.69540500640869
4524	1.54927396774292
89	5.31133699417114
34	0.610579013824463
34	1.38975596427917
22169	6.25482892990112
65	0.195883989334106
7458	0.733744859695435
43	0.353992938995361
61	0.61655592918396
73	0.523761034011841
90	0.254435062408447
90	0.494343996047974
135	0.462852001190186
173	0.582278966903687
173	0.590821027755737
173	1.26725006103516
173	3.26503419876099
173	0.881850957870483
173	0.81023907661438
173	1.10972809791565
173	0.606919050216675
191	0.291656017303467
314	2.08575201034546
314	1.28066301345825
318	1.51438999176025
166	0.34932804107666
168	0.50368595123291
220	0.202332973480225
220	0.358071088790894
56	2.05236506462097
61	0.153731107711792
71	0.611538887023926
99	0.618535995483398
99	0.477971076965332
99	0.812787055969238
99	0.625081062316895
99	0.617873907089233
102	1.56984901428223
102	0.317219018936157
117	0.46504807472229
117	0.328310012817383
1910	0.938137054443359
903032	327.248828887939
96	0.910835981369019
112	0.318453073501587
5754	0.369050979614258
90	0.797943830490112
96	1.32512998580933
96	0.657669067382812
96	0.784441947937012
100	0.784650802612305
100	1.10091805458069
101	1.34717202186584
97	1.00701904296875
97	0.786128044128418
44	0.475867033004761
51	0.165488958358765
51	0.164577960968018
57	0.775654792785645
59	0.346808910369873
118	1.82274508476257
124	1.40213012695312
124	1.61215090751648
26	0.778171062469482
30	1.40308284759521
1806	0.911350011825562
135	0.368470907211304
135	1.61089396476746
135	1.21116995811462
135	1.09023690223694
135	0.79240608215332
135	1.69296717643738
135	1.64683198928833
135	0.841248989105225
135	1.11866092681885
499	0.982748985290527
157	1.17907214164734
28347	5.29759097099304
732	1.7175190448761
732	0.964051008224487
732	1.80256700515747
732	1.6407949924469
104	0.49289608001709
71	0.937966108322144
32	0.737342834472656
31	0.21138596534729
35	0.893894910812378
57	1.97470808029175
66	1.54786014556885
68	1.08150815963745
100	1.4136598110199
108	1.01738810539246
103	0.812777042388916
99	1.07294893264771
23	0.237340927124023
3500	1.87734794616699
2665	1.74117398262024
38350	0.730854988098145
38350	2.94386196136475
19667	5.30079102516174
13458	3.8986439704895
19667	10.4209589958191
13458	5.02005004882812
13458	3.97446799278259
69491	18.1203022003174
13458	1.20924592018127
13458	0.915307998657227
13458	1.20627784729004
13458	4.32980895042419
19667	2.40287590026855
69491	23.4497871398926
69491	5.09984683990479
19667	2.39457702636719
69491	4.22040581703186
69491	25.9543788433075
13458	4.86754107475281
12252	7.56067705154419
69491	6.16444206237793
12252	7.62028694152832
19667	6.7181830406189
13458	3.94242405891418
69491	14.3243689537048
19667	8.13993906974792
69491	4.33335304260254
19667	2.63701891899109
19667	1.27660298347473
19667	5.40866017341614
19667	2.98426795005798
19667	4.50345206260681
13458	12.3867530822754
13458	9.93135786056519
13458	11.5500781536102
13458	2.33474802970886
11358	5.31811809539795
11358	4.11968898773193
9221	3.2092981338501
20147	7.01100611686707
12049	2.98964691162109
9682	2.64222097396851
31504	3.17028307914734
14802	4.30899000167847
14802	6.75405979156494
14802	9.51831698417664
14802	8.19121384620667
9221	4.87234401702881
21061	3.67419409751892
8906	4.20652484893799
8906	2.32497191429138
8906	2.69506597518921
3256	2.5865261554718
3832	1.22749996185303
19933	6.01978397369385
5680	1.37375521659851
5710	3.08908700942993
4770	2.81735682487488
4770	2.0241711139679
4770	3.14346408843994
4770	2.00894498825073
4770	2.40669989585876
4770	0.488397121429443
4770	1.82200121879578
4770	1.54565501213074
4770	0.490504026412964
4627	3.93262004852295
4063	3.83449721336365
5716	2.70998287200928
69491	23.3192639350891
12041	5.17460298538208
25370	13.1625730991364
21082	13.1088080406189
42395	5.19081497192383
27674	1.58184385299683
27674	4.94844222068787
27674	7.34491610527039
17	0.498442888259888
540	3.05631589889526
540	0.36638879776001
342	0.15895414352417
34260	2.34505105018616
34260	3.47762393951416
540	0.460180044174194
2958	1.30769109725952
7359	0.527266025543213
7359	0.898545026779175
12040	2.2564959526062
228441	22.402764081955
11576	1.75732398033142
11576	2.76338791847229
11576	4.89395189285278
11576	3.61523914337158
11576	1.61927103996277
11576	2.35766911506653
11576	3.1733238697052
11576	9.08359003067017
5444	12.9760479927063
47811	12.5501260757446
47811	9.13980102539062
41719	8.5265212059021
41719	3.4224100112915
41719	4.90694403648376
54485	27.2794380187988
41719	6.60882210731506
41719	3.16172099113464
41719	9.36513495445251
41719	4.44392204284668
41719	5.86981296539307
616	0.762494087219238
616	0.770632028579712
616	1.381432056427
616	0.700860977172852
2723	1.75330114364624
26391	5.81055092811584
339	0.678108930587769
8906	0.947092056274414
69491	17.2015528678894
75	0.80917501449585
7474	8.25530695915222
7474	2.4411768913269
29	0.617389917373657
29	0.6616530418396
36	0.594780921936035
6	0.642011165618896
46	0.657714128494263
55	0.602380990982056
90	0.526577949523926
88	0.624238014221191
90	0.474490165710449
89	0.348837852478027
99	0.308413028717041
18	0.594218015670776
25	0.163737058639526
1068	0.698884963989258
49696	1.54912400245667
106099	18.9287669658661
94894	7.88604998588562
